/a0/b1的执行时间
0.00123811
0.00130796
0.00127292
0.00134993
0.00136709
0.00141978
0.00144792
0.00156713
0.00163794
0.0017941

/a0
0.000584126
0.000894785
0.000966072
0.000996113
0.00107789
0.00116301
0.00115609
0.00121713
0.0011909
0.00121689

根
0.000739098
0.000732899
0.000864983
0.000925064
0.000980854
0.000957966
0.00103593
0.00104094
0.00106406
0.00110292
0.00084281


0.000878811
0.000840187
0.000948906
0.00101399
0.00103688
0.00125289
0.00132799
0.00134492
0.00135708
0.00136495
0.001513
0.00146794
0.00146508
0.00147295
0.00154114
0.00156999
0.00155306
0.00175595
0.00174689
0.00187993
0.00191593
0.00197005
0.00195718
0.0020082
0.00184703
0.00202179
0.00182986
0.000900984
0.00213289
0.00127101
0.000859976
0.00220799
0.00228715
0.00228477
0.00247788
0.00222015
0.0016799
0.00170398
0.00102186
0.00161409
0.00180793
0.00109696
0.000841856
0.000775099
0.000864983
0.00106692
0.00300884
0.00297308
0.00170517
0.00105906
0.00103116
0.00142503
0.00161791
0.000751019
0.00304484
0.00152016
0.000953913
0.0011549
0.00178099
0.00221705
0.00116301
0.00148392
0.00231695
0.00114799
0.00219798
0.001652
0.00129199
0.00166512
0.00103998
0.00233579
0.001652
0.000966072
0.00234103
0.00114012
0.0038209
0.00175405
0.00245285
0.00118017
0.000945091
0.00227094
0.00109601
0.000961065
0.00387216
0.00390005
0.00251198
0.00240803
0.000988007
0.000936985
0.000914097
0.000968933
0.00393391
0.0010469
0.00153494
0.00122094
0.000942945
0.00102806
0.00139093
0.0023191
0.00103307
0.00135803

根 100次
0.000926971
0.000983953
0.00107193
0.001127
0.0011189
0.00122786
0.00128913
0.0014379
0.00137401
0.00147486
0.00155592
0.00149298
0.00161314
0.0016892
0.001755
0.00188112
0.00191998
0.00197196
0.002038
0.00204897
0.00208211
0.00211
0.00220203
0.00219584
0.00223207
0.00224304
0.00233984
0.00164413
0.00233793
0.002316
0.00235701
0.00234914
0.00164104
0.00242686
0.00165606
0.00242591
0.00250888
0.00151396
0.00246096
0.00245905
0.0014441
0.00157404
0.00132108
0.0016861
0.00124598
0.00153685
0.00187707
0.00131488
0.00152612
0.00127912
0.00114608
0.00144601
0.00135899
0.00115013
0.00108695
0.000996113
0.00103498
0.00108004
0.00134897
0.00106788
0.00105
0.00109982
0.00110602
0.00111294
0.00108886
0.0011251
0.00109506
0.000993013
0.00104189
0.00102282
0.000997066
0.000981092
0.00103998
0.00101399
0.00102901
0.00101995
0.00107193
0.00104809
0.00104094
0.00115991
0.00116086
0.001086
0.00111508
0.00115705
0.00113487
0.0010829
0.00112104
0.00103617
0.00100303
0.00106597
0.00117588
0.00119996
0.000989914
0.0012219
0.00125504
0.00105906
0.00104189
0.00101113
0.00106406
0.0011251

/a0 100次
0.0200291
0.0201349
0.0200381
0.0201769
0.0201869
0.020205
0.0201941
0.020184
0.0202789
0.0202079
0.020272
0.0202818
0.0203211
0.0191109
0.020329
0.0203352
0.0202789
0.019201
0.0203462
0.0168121
0.0156999
0.020365
0.0145869
0.0204411
0.0204139
0.0157609
0.0203948
0.0168591
0.019376
0.016886
0.0122101
0.0110619
0.0158589
0.018105
0.0122988
0.0158269
0.0205281
0.00889683
0.0204811
0.0135231
0.00656891
0.00770712
0.014751
0.0204911
0.020479
0.00543404
0.018126
0.00430202
0.0135279
0.020591
0.00665593
0.00326514
0.0147479
0.00549388
0.020576
0.0205581
0.00318098
0.020613
0.0205801
0.0206771
0.00910807
0.00448489
0.0101991
0.00787687
0.00447083
0.00210404
0.012568
0.011395
0.00556517
0.0101829
0.0172322
0.00908589
0.0102
0.0113719
0.00188208
0.00190401
0.00337887
0.0124619
0.02074
0.00797987
0.00799894
0.0208311
0.00685692
0.0183511
0.0207341
0.011286
0.0207839
0.00197315
0.014998
0.0138469
0.00330901
0.00678301
0.020844
0.00450587
0.0185301
0.00920892
0.019645
0.00571299
0.0137851
0.0102832

/a0 10次
0.000906944
0.000936031
0.0010581
0.00107908
0.00117993
0.00117898
0.00121403
0.0012989
0.00130415
0.00130892

本地发本地
